<begin>
tag: Chair
prefabName: SM_Prop_Seat_01
amount: 38
pos: -7.02 0 15.7
rot: 0 101.0433 0
sca: 0.9999999 1 0.9999999
pos: -7.02 0 13.2
rot: 0 67.18562 0
sca: 0.9999999 1 0.9999999
pos: -7.02 0 10.7
rot: 0 106.6188 0
sca: 1 1 1
pos: -7.054399 0 8.158201
rot: 0 67.18562 0
sca: 0.9999999 1 0.9999999
pos: -7.054399 0 5.658201
rot: 0 106.6188 0
sca: 1 1 1
pos: -6.97 0 -5.41
rot: 0 101.0433 0
sca: 0.9999999 1 0.9999999
pos: -6.97 0 -7.91
rot: 0 67.18562 0
sca: 0.9999999 1 0.9999999
pos: -6.97 0 -10.41
rot: 0 106.6188 0
sca: 1 1 1
pos: -6.97 0 -13.151
rot: 0 67.18562 0
sca: 0.9999999 1 0.9999999
pos: -6.97 0 -15.651
rot: 0 106.6188 0
sca: 1 1 1
pos: -37.08 0 -14.76
rot: 0 45 0
sca: 1 1 1
pos: -44.25 0 12.21
rot: 0 225.1746 0
sca: 1 1 1
pos: -17.88 0 24.01
rot: 0 200 0
sca: 1 1 1
pos: -26.52 0 -13.49
rot: 0 136.0209 0
sca: 0.9999999 1 0.9999999
pos: -22.93 0 -13.48
rot: 0 225.1746 0
sca: 1 1 1
pos: -19.42 0 20.49
rot: 0 45 0
sca: 1 1 1
pos: -23.52 0 12.56
rot: 0 340 0
sca: 1 1 1
pos: -4.84 0 -0.8100004
rot: 0 90 0
sca: 1 1 1
pos: -19.07001 0 23.94
rot: 0 205 0
sca: 1 1 1
pos: -4.880001 0 0.9099998
rot: 0 90 0
sca: 1 1 1
pos: -26.17 0 12.2
rot: 0 120 0
sca: 1 1 1
pos: -23.72 0 14.99
rot: 0 285 0
sca: 0.9999999 1 0.9999999
pos: -26.07 0 14.88
rot: 0 79.99999 0
sca: 1 1 1
pos: -23.22 0 -12.09
rot: 0 270 0
sca: 1 1 1
pos: -18.06 0 20.52
rot: 0 0 0
sca: 1 1 1
pos: -44.25 0 13.86
rot: 0 240 0
sca: 1 1 1
pos: -43.38 0 -21.15
rot: 0 225.1746 0
sca: 1 1 1
pos: -26.38 0 -12.02
rot: 0 90 0
sca: 1 1 1
pos: -35.17999 0 18.44001
rot: 0 45 0
sca: 1 1 1
pos: -58.25999 0 16.54001
rot: 0 180 0
sca: 1 1 1
pos: -43.36 0 -19.49
rot: 0 240 0
sca: 1 1 1
pos: -57.99 0 -13.6
rot: 0 180 0
sca: 1 1 1
pos: -56.35 0 15.08001
rot: 0 270 0
sca: 1 1 1
pos: -58.17 0 13.65001
rot: 0 45 0
sca: 1 1 1
pos: -43.91 0 23.41
rot: 0 180 0
sca: 1 1 1
pos: -56.14 0 -15.1
rot: 0 270 0
sca: 1 1 1
pos: -58.07 0 -16.41
rot: 0 45 0
sca: 1 1 1
pos: -42.25999 0 22.05
rot: 0 270 0
sca: 1 1 1
<end>

<begin>
tag: Plant
prefabName: SM_Prop_Plant_01
amount: 19
pos: -65.42 0 -10.85
rot: 0 251.5967 0
sca: 0.9999999 1 0.9999999
pos: -56.84 0 -2.25
rot: 0 47.76289 0
sca: 1 1 1
pos: -74.1 0 18.19
rot: 0 147.8162 0
sca: 1 1 1
pos: -23.35 0 -7.35
rot: 0 47.76289 0
sca: 1 1 1
pos: -72.6 0 23.58
rot: 0 147.8162 0
sca: 1 1 1
pos: -74.07 0 16.55
rot: 0 147.8162 0
sca: 1 1 1
pos: 2.17 0 22.35
rot: 0 47.76289 0
sca: 1 1 1
pos: -38.72 0 11.2
rot: 0 47.76289 0
sca: 1 1 1
pos: 2.1 0 -21.6
rot: 0 47.76289 0
sca: 1 1 1
pos: -12.5 0 -22.74
rot: 0 47.76289 0
sca: 1 1 1
pos: -12.3 0 23.3
rot: 0 47.76289 0
sca: 1 1 1
pos: -13.95 0 9.42
rot: 0 47.76289 0
sca: 1 1 1
pos: -23.62 0 8.66
rot: 0 47.76289 0
sca: 1 1 1
pos: -5.18 0 -11.94
rot: 0 47.76289 0
sca: 1 1 1
pos: -72.57 0 -11.23
rot: 0 47.76289 0
sca: 1 1 1
pos: -14.17 0 -8.809999
rot: 0 47.76289 0
sca: 1 1 1
pos: -62.93 0 8.35
rot: 0 47.76289 0
sca: 1 1 1
pos: -26.1 0 -23
rot: 0 47.76289 0
sca: 1 1 1
pos: -73.65 0 -23.34
rot: 0 47.76289 0
sca: 1 1 1
<end>

<begin>
tag: Cart
prefabName: SM_Prop_VaultTrolley_01
amount: 7
pos: -72.06 0 -2.84
rot: 0 320 0
sca: 1.006421 1 1.006421
pos: -66.86 0 -6.97
rot: 0 159.4533 0
sca: 1.002861 1 1.002861
pos: -51 0 -23.9
rot: 0 0 0
sca: 1 1 1
pos: -53 0 14.01
rot: 0 0 0
sca: 1 1 1
pos: -58.27 0 -7.67
rot: 0 20.00001 0
sca: 1 1 1
pos: -17.43 0 -12.1
rot: 0 0 0
sca: 1 1 1
pos: -37.3 0 22.6
rot: 0 325 0
sca: 1 1 1
<end>

