<Ground>
tag: Ground
prefabName: ../vehicles/gplane
amount: 1
pos: -35 0 0
rot: 0 0 0
sca: 8 1 5
</Ground>

<Bases>
tag: Base
prefabName: cube
amount: 2
pos: 10 0 -5
rot: 0 0 0
sca: 1 1 1
pos: 10 0 5
rot: 0 0 0
sca: 1 1 1
</Bases>

<StaticObstacles>
tag: StaticObstacle
prefabName: cube
amount: 104
pos: -53.871 1.5 -10
rot: 0 90 0
sca: 0.5000004 3.1 8.343496
pos: -53.83 1.5 10
rot: 0 90 0
sca: 0.5000004 3.1 8.440631
pos: -6.74 1.5 0.217
rot: 0 90 0
sca: 6.242141 3.1 0.5000004
pos: -46.95 1.186 -2.83
rot: 0 90 0
sca: 0.2500002 2.4725 0.9253507
pos: -22.96 0.593 2.98
rot: 0 90 0
sca: 0.5000004 1.2866 2.451101
pos: -15.43 1 -13.02
rot: 0 0 0
sca: 0.5000002 2 1.700001
pos: -59.979 0.75 20.01
rot: 0 0 0
sca: 0.55 1.5 2.7
pos: -28.32 0.75 -18.58
rot: 0 0 0
sca: 3.98582 1.5 0.9
pos: -28.32 0.75 -17.01
rot: 0 0 0
sca: 1.82484 1.5 3.99113
pos: 15 1.408 0.1999998
rot: 0 0 0
sca: 0.2 2.955833 50.00002
pos: -35 1.5 17.3
rot: 0 90 0
sca: 15 3.1 0.5000004
pos: -22.9767 0.593 -3.01
rot: 0 90 0
sca: 0.5000004 1.2866 2.417787
pos: -66.37 1 10.5169
rot: 0 90 0
sca: 0.6261134 2 0.8000007
pos: -68.348 1.5 10
rot: 0 90 0
sca: 0.5000004 3.1 12.82462
pos: -37.005 0.75 0.06000042
rot: 0 90 0
sca: 3.450002 1.5 0.9360607
pos: -38.6222 0.75 2.352
rot: 0 0 0
sca: 2.150523 1.5 0.9375461
pos: -69.08 0.75 6.57
rot: 0 135 0
sca: 1.5 1.5 2
pos: -66.801 1.5 0.1300001
rot: 0 90 0
sca: 0.5000004 3.1 3.554296
pos: -71.0574 0.75 -16.148
rot: 0 90 0
sca: 1.824837 1.5 3.991128
pos: -27.675 0.593 3.046
rot: 0 90 0
sca: 0.5000003 1.2866 3.03908
pos: -68.3475 1.5 -10
rot: 0 90 0
sca: 0.5000004 3.1 12.82428
pos: -47.48 0.75 6.940001
rot: 0 0 0
sca: 1.450584 1.5 2.140493
pos: -46.94 2.27 3.97
rot: 0 90 90
sca: 0.2500001 2.4725 0.9253504
pos: -16.392 1.5 9.93
rot: 0 90 0
sca: 0.5000003 3.1 3.278906
pos: -34.5758 1 -20.98
rot: 0 90 0
sca: 0.5000001 2 0.7114987
pos: -54.96 0.75 15.03
rot: 0 0 0
sca: 0.55 1.5 2.7
pos: -18.99 0.593 2.98
rot: 0 90 0
sca: 0.5000004 1.286603 2.4511
pos: -46.592 0.5898 6.671
rot: 0 0 0
sca: 0.2 1.320317 2.873796
pos: -55.9926 0.75 -11.497
rot: 0 90 0
sca: 2.785851 1.5 1.735268
pos: -15 1.5 -17.31
rot: 0 90 0
sca: 15.00001 3.1 0.5000004
pos: -50.01 1.5 20.93
rot: 0 0 0
sca: 0.5 3.1 8
pos: -46.94 2.27 -4.02
rot: 0 90 90
sca: 0.25 2.4725 0.92535
pos: -27.6571 0.593 -3.01
rot: 0 90 0
sca: 0.5000003 1.2866 3.015373
pos: -14.54 0.75 13.79
rot: 0 0 0
sca: 0.55 1.5 2
pos: -31.76 1 -24.4726
rot: 0 90 0
sca: 0.5851099 2 0.8000007
pos: -24.808 1 10.4
rot: 0 90 0
sca: 0.5000004 2 1.700001
pos: 4.98 1.5 -16.094
rot: 0 90 0
sca: 18.08766 3.1 0.5000004
pos: -47.02 0.75 -1.47
rot: 0 90 0
sca: 1 1.5 1.601337
pos: -61.917 0.75 -19.639
rot: 0 90 0
sca: 0.9693823 1.5 0.9846976
pos: -37.15 0.75 -2.01
rot: 0 315 0
sca: 1.338128 1.5 0.6310822
pos: -35.38 1 14.01
rot: 0 90 0
sca: 0.6517603 2 0.9717
pos: -48.314 0.5898 -8.7185
rot: 0 55 0
sca: 0.2 1.32032 4.136307
pos: -60.002 0.75 15.04
rot: 0 0 0
sca: 0.55 1.5 2.7
pos: -38.65 0.75 -2.34
rot: 0 0 0
sca: 2.150521 1.5 0.9273385
pos: -75 1.5 0
rot: 0 0 0
sca: 0.5 3.1 50
pos: -14.52 0.75 -12.264
rot: 0 0 0
sca: 0.55 1.5 3.252642
pos: -18.527 0.75 -19.531
rot: 0 0 0
sca: 4.056508 1.5 1.711625
pos: -56.46 0.75 -24.33
rot: 0 0 0
sca: 3.985822 1.5 0.9000005
pos: -37.17 0.75 2.04
rot: 0 45 0
sca: 1.547826 1.5 0.5644187
pos: -54.98 0.75 20.01
rot: 0 0 0
sca: 0.55 1.5 2.7
pos: -7 1.5 -17.3
rot: 0 90 0
sca: 15 3.1 1.100001
pos: -18.94 0.593 -3.01
rot: 0 90 0
sca: 0.5000004 1.2866 2.451101
pos: -74.62 1 13.97
rot: 0 0 0
sca: 0.5 2 1.7
pos: -6.74 1.5 -8.45
rot: 0 90 0
sca: 2.799307 3.1 0.5000004
pos: -7 1.5 17.3
rot: 0 90 0
sca: 15 3.1 1.100001
pos: -62.73 1 24.47
rot: 0 90 0
sca: 0.6261103 2 0.8000007
pos: -46.94 1.186 5.21
rot: 0 90 0
sca: 0.2500002 2.4725 0.9253507
pos: -68.993 0.75 -5.06
rot: 0 90 0
sca: 1.500002 1.5 2.173143
pos: -40.2381 0.9654 -24.481
rot: 0 90 0
sca: 0.5580775 1.930776 3.215802
pos: -64.8 1.5 6.771
rot: 0 90 0
sca: 6.000002 3.1 0.5000004
pos: 9.8 1.5 -24.9
rot: 0 90 0
sca: 0.5000004 3.1 10.50372
pos: -46.95 1.186 -5.19
rot: 0 90 0
sca: 0.2500001 2.4725 0.9253475
pos: -14.54 0.75 -21.13
rot: 0 0 0
sca: 0.55 1.5 2
pos: 4.98 1.5 16.06
rot: 0 90 0
sca: 18.01836 3.1 0.5000004
pos: -14.52 0.75 22.62
rot: 0 0 0
sca: 0.55 1.5 3
pos: -28.553 1.5 -9.989999
rot: 0 90 0
sca: 0.5000004 3.1 13.17053
pos: -29.27 1 24.62
rot: 0 90 0
sca: 0.7000001 2 8.000002
pos: -30.25 1 10.5041
rot: 0 90 0
sca: 0.6517596 2 0.8000003
pos: -67.996 0.75 20.03
rot: 0 0 0
sca: 0.7168921 1.5 2.7
pos: -74.04 1.5 0
rot: 0 90 0
sca: 18 3.1 0.5000004
pos: -64.8 1.5 -4.255
rot: 0 90 0
sca: 11 3.1 0.5000004
pos: 9.848 1.5 25
rot: 0 90 0
sca: 0.5000006 3.1 10.50371
pos: -15.393 1 21.965
rot: 0 0 0
sca: 0.5 2 1.7
pos: -35 1.5 25
rot: 0 90 0
sca: 0.5000004 3.1 80.50005
pos: -28.555 1.5 9.93
rot: 0 90 0
sca: 0.5000003 3.1 13.17052
pos: -56.46 0.75 -22.76
rot: 0 0 0
sca: 1.824841 1.5 3.991132
pos: -26.89 1 -24.61
rot: 0 90 0
sca: 0.5000004 2 1.700001
pos: -35 1.5 -25
rot: 0 90 0
sca: 0.5000004 3.1 80.50005
pos: -46.94 1.186 2.79
rot: 0 90 0
sca: 0.2500002 2.4725 0.9253507
pos: 4.98 1.5 0.217
rot: 0 90 0
sca: 6.242146 3.1 0.5000004
pos: -67.9999 0.75 15.05
rot: 0 0 0
sca: 0.6221431 1.5 2.7
pos: -28.211 1 -10.459
rot: 0 90 0
sca: 0.6214287 2 7.97699
pos: -35 1.5 -17.3
rot: 0 90 0
sca: 15 3.1 0.5000004
pos: -50.01 1.5 11.55
rot: 0 0 0
sca: 0.5 3.1 3
pos: -50.01 1.5 -11.58
rot: 0 0 0
sca: 0.5 3.1 3
pos: -41.46 1 24.502
rot: 0 90 0
sca: 0.5557617 2 3.200001
pos: -15 1.5 17.3
rot: 0 90 0
sca: 15 3.1 0.5000004
pos: -69.52 0.75 -16.15
rot: 0 90 0
sca: 3.985824 1.5 0.9000002
pos: -46.5 0.5898 -0.04160023
rot: 0 0 0
sca: 0.2 1.32032 5.619868
pos: -70 1.5 -9.09
rot: 0 90 0
sca: 0.5000004 3.1 10
pos: -16.39 1.5 -9.99
rot: 0 90 0
sca: 0.5000004 3.1 3.278913
pos: -70 1.5 9.049999
rot: 0 90 0
sca: 0.5000004 3.1 10
pos: -54.36 0.75 -12.48
rot: 0 90 0
sca: 1.132456 1.5 1.699725
pos: -63.559 0.75 -18.728
rot: 0 0 0
sca: 2.150524 1.5 0.9828833
pos: -22.478 0.6915 17.9568
rot: 0 90 0
sca: 1.392504 1.382914 7.165723
pos: -46.592 0.5898 -6.3977
rot: 0 0 0
sca: 0.2 1.32032 2.588432
pos: -62.1018 0.75 -18.795
rot: 0 40 0
sca: 1.362214 1.5 0.3000001
pos: -72.556 1.5 0.1300001
rot: 0 90 0
sca: 0.5000004 3.1 2.498877
pos: -48.259 0.5898 9.259001
rot: 0 305 0
sca: 0.2 1.32032 4.257857
pos: -19.04 0.75 -21.0302
rot: 0 90 0
sca: 1.60043 1.5 1.708305
pos: -6.74 1.5 8.450001
rot: 0 90 0
sca: 2.799307 3.1 0.5000004
pos: -52.96 1 10.43
rot: 0 90 0
sca: 0.5000004 2 1.700001
pos: -50.01 1.5 -20.93
rot: 0 0 0
sca: 0.5 3.1 8
pos: -74.62 1 21.23
rot: 0 0 0
sca: 0.5 2 1.7
</StaticObstacles>

