<begin>
tag: Chair
prefabName: SM_Prop_Seat_01
amount: 32
pos: -7.940001 0 22.617
rot: 0 101.0433 0
sca: 0.9999999 1 0.9999999
pos: -7.940001 0 20.117
rot: 0 67.18562 0
sca: 0.9999999 1 0.9999999
pos: -7.940001 0 17.617
rot: 0 106.6188 0
sca: 1 1 1
pos: -7.9744 -0.0720005 15.0752
rot: 0 67.18562 0
sca: 0.9999999 1 0.9999999
pos: -7.9744 -0.07199955 12.5752
rot: 0 106.6188 0
sca: 1 1 1
pos: -7.940001 0 -12.35
rot: 0 101.0433 0
sca: 0.9999999 1 0.9999999
pos: -7.940001 0 -14.85
rot: 0 67.18562 0
sca: 0.9999999 1 0.9999999
pos: -7.940001 0 -17.35
rot: 0 106.6188 0
sca: 1 1 1
pos: -7.940001 0 -20.091
rot: 0 67.18562 0
sca: 0.9999999 1 0.9999999
pos: -7.940001 0 -22.591
rot: 0 106.6188 0
sca: 1 1 1
pos: -63.27 0 -19.86
rot: 0 45 0
sca: 1 1 1
pos: -54.85 0 -23.1
rot: 0 225.1746 0
sca: 1 1 1
pos: -57.805 0 -23.325
rot: 0 136.0209 0
sca: 0.9999999 1 0.9999999
pos: -70.56 0 -14.5
rot: 0 200 0
sca: 1 1 1
pos: -30.24 0 -17.39
rot: 0 136.0209 0
sca: 0.9999999 1 0.9999999
pos: -24.53 -0.0720005 16.71
rot: 0 20 0
sca: 1 1 1
pos: -26.65 0 -17.38
rot: 0 225.1746 0
sca: 1 1 1
pos: -72.1 0 -18.02
rot: 0 45 0
sca: 1 1 1
pos: -20.08 -0.0720005 16.46
rot: 0 340 0
sca: 1 1 1
pos: -38.7 0 -0.8100004
rot: 0 90 0
sca: 1.000001 1 1.000001
pos: -71.75 0 -14.57
rot: 0 205 0
sca: 1 1 1
pos: -38.74 0 0.9099998
rot: 0 90 0
sca: 1.000001 1 1.000001
pos: -48.65 0 7.120001
rot: 0 90 0
sca: 1.000001 1 1.000001
pos: -22.39 -0.0720005 16.41
rot: 0 0 0
sca: 1 1 1
pos: -57.768 0 -21.791
rot: 0 79.99999 0
sca: 1 1 1
pos: -25.31 -0.0720005 19.42
rot: 0 180 0
sca: 1 1 1
pos: -23.2 -0.0720005 19.53
rot: 0 200 0
sca: 1 1 1
pos: -20.59 -0.0720005 19.45
rot: 0 180 0
sca: 1 1 1
pos: -70.74 0 -17.99
rot: 0 0 0
sca: 1 1 1
pos: -54.85 0 -21.45
rot: 0 240 0
sca: 1 1 1
pos: -26.94 0 -15.99
rot: 0 270 0
sca: 1 1 1
pos: -30.1 0 -15.92
rot: 0 90 0
sca: 1.000001 1 1.000001
<end>

<begin>
tag: Plant
prefabName: SM_Prop_Plant_01
amount: 21
pos: -65.42 0.01999998 -10.85
rot: 0 251.5967 0
sca: 0.9999999 1 0.9999999
pos: -72.6 0 23.58
rot: 0 147.8162 0
sca: 1 1 1
pos: -55.25 0 10.85
rot: 0 47.76289 0
sca: 1 1 1
pos: -74.1 0 18.19
rot: 0 147.8162 0
sca: 1 1 1
pos: -41.39 0 0.01000023
rot: 0 47.76289 0
sca: 1 1 1
pos: -74.07 0 16.55
rot: 0 147.8162 0
sca: 1 1 1
pos: -63.29 0 -7.78
rot: 0 47.76289 0
sca: 1 1 1
pos: -5.5 0 11.55
rot: 0 47.76289 0
sca: 1 1 1
pos: -33.64 0 11.73
rot: 0 47.76289 0
sca: 1 1 1
pos: -5.28 0 -23.13
rot: 0 47.76289 0
sca: 1 1 1
pos: -13.09 0 -22.8
rot: 0 47.76289 0
sca: 1 1 1
pos: -5.34 0 23.39
rot: 0 47.76289 0
sca: 1 1 1
pos: -13.95 0 9.42
rot: 0 47.76289 0
sca: 1 1 1
pos: -23.62 0 8.66
rot: 0 47.76289 0
sca: 1 1 1
pos: -5.18 0 -11.94
rot: 0 47.76289 0
sca: 1 1 1
pos: -72.57 0 -11.23
rot: 0 47.76289 0
sca: 1 1 1
pos: -14.17 0 -8.809999
rot: 0 47.76289 0
sca: 1 1 1
pos: -62.93 0 8.35
rot: 0 47.76289 0
sca: 1 1 1
pos: -32.77 0 -12.25
rot: 0 47.76289 0
sca: 1 1 1
pos: -23.95 0 -23.41
rot: 0 47.76289 0
sca: 1 1 1
pos: -73.65 0 -23.34
rot: 0 47.76289 0
sca: 1 1 1
<end>

<begin>
tag: Cart
prefabName: SM_Prop_VaultTrolley_01
amount: 8
pos: -66.59 0 -1.709999
rot: 0 320 0
sca: 1.00642 1 1.00642
pos: -71.6 0 3.140001
rot: 0 159.4533 0
sca: 1.002861 1 1.002861
pos: -47.01 -0.00999999 -22.25
rot: 0 0 0
sca: 1 1 1
pos: -51.06 -0.00999999 0.5699997
rot: 0 0 0
sca: 1 1 1
pos: -64.31 -0.00999999 11.65
rot: 0 20 0
sca: 1 1 1
pos: -70.57 -0.00999999 -23.62
rot: 0 0 0
sca: 1 1 1
pos: -17.43 -0.00999999 -12.1
rot: 0 0 0
sca: 1 1 1
pos: -32.12 -0.00999999 22.47
rot: 0 325 0
sca: 1 1 1
<end>

