<Ground>
tag: Ground
prefabName: ../vehicles/gplane
amount: 1
pos: -35 0 0
rot: 0 0 0
sca: 8 1 5
</Ground>

<StaticObstacles>
tag: StaticObstacle
prefabName: cube
amount: 129
pos: -89.967 2.848 9.51
rot: 0 0 0
sca: 6.015018 5.695231 11.22523
pos: -70.018 0.75 20.01
rot: 0 0 0
sca: 0.62214 1.5 2.7
pos: -53.199 0.75 2.754
rot: 0 90 0
sca: 4.766584 1.5 3.583075
pos: -37.09 1.5 32.023
rot: 0 180 0
sca: 0.5000014 3 0.5000014
pos: -43.44 0.75 -13.5652
rot: 0 90 0
sca: 0.9620814 1.5 1.699725
pos: -19 1.5 28.003
rot: 0 180 0
sca: 0.5000014 3 0.5000014
pos: -28.08 0.7038 2.31
rot: 0 90 0
sca: 2.366731 1.407656 0.6964158
pos: -3.1 0.75 -2.01
rot: 0 315 0
sca: 1.338128 1.5 0.6310822
pos: -3.119996 0.75 2.04
rot: 0 45 0
sca: 1.547826 1.5 0.5644187
pos: -20.09 1.5 -30.03
rot: 0 90 0
sca: 0.5000001 3 0.5000001
pos: -71.22 0.75 6.129999
rot: 0 225 0
sca: 1.5 1.5 2
pos: -69.98 0.75 -19.99
rot: 0 0 0
sca: 0.62214 1.5 2.7
pos: -40 1.5 17.324
rot: 0 90 0
sca: 15.0482 3.1 0.5000004
pos: 4.98 1.5 -0.05200005
rot: 0 90 0
sca: 5.704908 3.1 0.5000004
pos: -55 1.5 0.01500034
rot: 0 0 0
sca: 0.4999998 3.1 35.39093
pos: -69.6635 1.5 -10
rot: 0 90 0
sca: 0.5000004 3.1 10.19135
pos: -64.8 1.5 6.893
rot: 0 90 0
sca: 5.756032 3.1 0.5000004
pos: -37.504 1.4386 40.063
rot: 0 180 0
sca: 5.632234 2.877187 0.8742057
pos: -34.4 0.75 17.1
rot: 0 0 0
sca: 0.96938 1.5 0.9847
pos: -68.993 0.75 -5.06
rot: 0 0 0
sca: 1.500001 1.5 2.173142
pos: -40.129 1.5 -9.989999
rot: 0 90 0
sca: 0.5000003 3.1 15.52505
pos: 0.04 1.4386 -37.515
rot: 0 90 0
sca: 5.76754 2.877187 0.8742039
pos: -28.09 1.5 31.023
rot: 0 180 0
sca: 0.5000014 3 0.5000014
pos: -37.0011 1 24.502
rot: 0 90 0
sca: 0.5557617 2 3.577811
pos: -36.63 0.75 -16.034
rot: 0 0 0
sca: 0.969382 1.5 0.9846974
pos: -4.572201 0.75 2.352
rot: 0 0 0
sca: 2.150523 1.5 0.9375461
pos: -15 1.5 17.3
rot: 0 90 0
sca: 15 3.1 0.5000004
pos: -42.21 0.75 7.23
rot: 0 90 0
sca: 2.480803 1.5 1.735271
pos: -29.346 1 24.62
rot: 0 90 0
sca: 0.7000001 2 8.15283
pos: -33.61 0.75 17.194
rot: 0 315 0
sca: 1.36221 1.5 0.3
pos: -55.385 1 -7.474
rot: 0 0 0
sca: 0.5 2 1.7
pos: -16.269 1.5 9.93
rot: 0 90 0
sca: 0.5000003 3.1 3.033254
pos: -44.5551 0.75 -20.807
rot: 0 0 0
sca: 0.9156904 1.5 3.862931
pos: 0.04 1.4386 -27.681
rot: 0 90 0
sca: 5.277188 2.877187 0.8742039
pos: -40.139 1.5 9.93
rot: 0 90 0
sca: 0.5000002 3.1 15.58873
pos: -70 1.5 9.049999
rot: 0 90 0
sca: 0.5000004 3.1 10
pos: -62.561 1.876 -34.918
rot: 0 90 0
sca: 10.63055 3.751235 5.301503
pos: -26.89 1 -24.61
rot: 0 90 0
sca: 0.5000004 2 1.700001
pos: -19.04 0.75 -21.0302
rot: 0 90 0
sca: 1.60043 1.5 1.708305
pos: -33.514 0.75 18.703
rot: 0 90 0
sca: 2.150521 1.5 0.9828807
pos: -2.96 1.5 -28.02
rot: 0 90 0
sca: 0.5000004 3 0.5000004
pos: -35 1.5 -25
rot: 0 90 0
sca: 0.5000004 3.1 80.50005
pos: -5 1.5 10.452
rot: 0 90 0
sca: 15.30416 3.1 1.100001
pos: -66.37 1 10.5169
rot: 0 90 0
sca: 0.6261134 2 0.8000007
pos: -24.98 1.5 -10
rot: 0 0 0
sca: 5.388722 3.1 0.5000002
pos: -66.6604 1.5 0.1300001
rot: 0 90 0
sca: 0.5000004 3.1 3.273177
pos: -40.021 1.4386 -40.003
rot: 0 0 0
sca: 20.71137 2.877187 0.8742031
pos: -58.029 0.6915 15.025
rot: 0 90 0
sca: 1.392501 1.38291 2.152151
pos: -44.0005 0.6915 22
rot: 0 90 0
sca: 1.392504 1.38291 2.152152
pos: -24.86 0.75 -14.78
rot: 0 0 0
sca: 3.98582 1.5 0.9
pos: -45.2769 0.75 10.8223
rot: 0 0 0
sca: 2.012241 1.5 1.515338
pos: -39.73 1 16.02
rot: 0 90 0
sca: 0.6517603 2 0.9717
pos: -45.34 1.5 -3.22
rot: 0 90 0
sca: 0.5000004 3 0.5000004
pos: -35 1.5 25
rot: 0 90 0
sca: 0.5000004 3.1 80.50005
pos: -8.97 1.5 -35.95
rot: 0 90 0
sca: 0.5000004 3 0.5000004
pos: -35.84 0.75 -15.94
rot: 0 315 0
sca: 1.362214 1.5 0.3000001
pos: -26.45 1.5 -1.87
rot: 0 90 0
sca: 0.5000004 3 0.5000004
pos: -89.967 2.848 -9.36
rot: 0 0 0
sca: 6.01502 5.69523 11.22523
pos: -45.0726 0.75 -12.7301
rot: 0 90 0
sca: 2.366727 1.5 1.735268
pos: -37.006 0.9654 -24.481
rot: 0 90 0
sca: 0.5580775 1.930776 3.588093
pos: -26.97 1.5 36.043
rot: 0 180 0
sca: 0.5000014 3 0.5000014
pos: -35.05 1.5 -35.1
rot: 0 90 0
sca: 0.5000004 3 0.5000004
pos: -44.81 1.5 7.16
rot: 0 90 0
sca: 0.5000004 3 0.5000004
pos: -43.966 0.75 -22.4239
rot: 0 0 0
sca: 2.012243 1.5 0.9204103
pos: -37.06 0.75 -0.01900005
rot: 0 90 0
sca: 0.7638891 1.5 2.172338
pos: -50.03 1.4386 -30.176
rot: 0 90 0
sca: 10.31645 2.877187 0.8742039
pos: -87.528 6.726 37.299
rot: 0 0 0
sca: -15.47497 13.45118 15.86892
pos: -89.935 4.206 -0.1569996
rot: 0 0 0
sca: 8.877869 8.411914 9.303481
pos: -2.955002 0.75 0.06000042
rot: 0 90 0
sca: 3.450002 1.5 0.9360607
pos: -22.344 1.5 36.723
rot: 0 180 0
sca: 0.5000014 3 0.5000014
pos: -72.745 1.5 0.1300001
rot: 0 90 0
sca: 0.5000004 3.1 2.12039
pos: -24.883 0.6915 12.982
rot: 0 0 0
sca: 1.392505 1.382914 5.941153
pos: -37.019 0.75 -5.01
rot: 0 0 0
sca: 2.524336 1.5 1.735271
pos: 4.98 1.5 -16.243
rot: 0 90 0
sca: 17.78968 3.1 0.5000004
pos: -14.52 0.75 22.62
rot: 0 0 0
sca: 0.55 1.5 3
pos: -18.527 0.75 -19.531
rot: 0 0 0
sca: 4.056508 1.5 1.711625
pos: -18.05 0.75 22.13
rot: 0 90 0
sca: 1.824837 1.5 3.991128
pos: 4.98 1.5 16.169
rot: 0 90 0
sca: 17.8001 3.1 0.5000004
pos: -59.8719 1.5 -17.51
rot: 0 90 0
sca: 0.5000004 3.1 10.27509
pos: -59.978 0.75 24.5
rot: 0 90 0
sca: 0.6221403 1.5 2.700001
pos: -26.89 1.5 5.54
rot: 0 90 0
sca: 0.5000004 3 0.5000004
pos: -70 1.5 -9.09
rot: 0 90 0
sca: 0.5000004 3.1 10
pos: -74.04 1.5 0
rot: 0 90 0
sca: 18 3.1 0.5000004
pos: -47.43 1.4386 40.063
rot: 0 180 0
sca: 5.632234 2.877187 0.8742057
pos: -14.97999 1.32 37.522
rot: 0 90 0
sca: 5.716175 2.877187 0.8742039
pos: -35.744 0.75 -14.431
rot: 0 90 0
sca: 2.150524 1.5 0.9828835
pos: -70.047 0.75 15.022
rot: 0 0 0
sca: 0.62214 1.5 2.7
pos: -28.27 1.5 -8.36
rot: 0 90 0
sca: 0.5000004 3 0.5000004
pos: -31.76 1 -24.4726
rot: 0 90 0
sca: 0.5851099 2 0.8000007
pos: -14.52 0.75 -12.264
rot: 0 0 0
sca: 0.55 1.5 3.252642
pos: -75 1.5 0
rot: 0 0 0
sca: 0.5 3.1 50
pos: -40 1.5 -17.414
rot: 0 90 0
sca: 15.22785 3.1 0.5000004
pos: -22.47199 1.4386 40.063
rot: 0 180 0
sca: 15.63782 2.877187 0.8742057
pos: -39.949 1.5 36.103
rot: 0 180 0
sca: 0.5000014 3 0.5700398
pos: -14.96 1.5 -30.05
rot: 0 90 0
sca: 0.5000004 3 0.5000004
pos: -58.04 0.6915 -14.968
rot: 0 90 0
sca: 1.392501 1.38291 2.152151
pos: -15.973 0.75 22.616
rot: 0 90 0
sca: 4.962131 1.5 1.978335
pos: -41.55 1.5 -6.01
rot: 0 90 0
sca: 0.5000004 3 0.5000004
pos: -14.54 0.75 13.79
rot: 0 0 0
sca: 0.55 1.5 2
pos: -53.561 1.5 10
rot: 0 90 0
sca: 0.5000004 3.1 2.907149
pos: -47.89 1.5 30.123
rot: 0 180 0
sca: 0.5000014 3 0.5000014
pos: -24.86 0.75 -12.649
rot: 0 0 0
sca: 1.82484 1.5 5.112702
pos: -69.96 0.75 -14.98
rot: 0 0 0
sca: 0.6221402 1.5 2.700001
pos: -4.599999 0.75 -2.34
rot: 0 0 0
sca: 2.150521 1.5 0.9273385
pos: -16.256 1.5 -9.99
rot: 0 90 0
sca: 0.5000004 3.1 3.009947
pos: -45.866 0.75 12.7
rot: 0 0 0
sca: 0.9156925 1.5 3.991132
pos: -39.97 1.5 -35.02
rot: 0 90 0
sca: 0.5000004 3 0.5000004
pos: -10.95 1.5 -35.16
rot: 0 90 0
sca: 0.5000004 3 0.5000004
pos: -62.73 1 24.47
rot: 0 90 0
sca: 0.6261103 2 0.8000007
pos: -24.917 1.5 10
rot: 0 0 0
sca: 5.594604 3.1 0.5000002
pos: -14.97999 1.32 27.705
rot: 0 90 0
sca: 5.263423 2.877187 0.8742039
pos: -69.684 1.5 10
rot: 0 90 0
sca: 0.5000004 3.1 10.15234
pos: -49.93 1.32 32.71
rot: 0 90 0
sca: 15.27339 2.877187 0.8742039
pos: -34.43 1.5 -28.4
rot: 0 90 0
sca: 0.5000004 3 0.5000004
pos: -74.62 1 21.23
rot: 0 0 0
sca: 0.5 2 1.7
pos: -71.956 0.75 -24.58
rot: 0 90 0
sca: 0.6221403 1.5 2.700001
pos: -74.62 1 13.97
rot: 0 0 0
sca: 0.5 2 1.7
pos: -64.8 1.5 -4.391
rot: 0 90 0
sca: 10.7274 3.1 0.5000004
pos: -55.385 1 6.040001
rot: 0 0 0
sca: 0.5000002 2 1.700001
pos: -12.704 1.4386 -40.003
rot: 0 0 0
sca: 25.47302 2.877187 0.8742031
pos: -25 1.5 0
rot: 0 90 0
sca: 20 3.1 0.5000004
pos: -59.87 1.5 17.5
rot: 0 90 0
sca: 0.5000004 3.1 10.27509
pos: -46.003 1.5 36.036
rot: 0 180 0
sca: 0.5000014 3 0.5000014
pos: -15 1.5 -17.31
rot: 0 90 0
sca: 15.00001 3.1 0.5000004
pos: -14.54 0.75 -21.13
rot: 0 0 0
sca: 0.55 1.5 2
pos: -53.597 1.5 -10
rot: 0 90 0
sca: 0.5000004 3.1 2.899256
pos: -5 1.5 -10.459
rot: 0 90 0
sca: 15.31786 3.1 1.100001
pos: -15.43 1 12.99
rot: 0 0 0
sca: 0.5 2 1.7
pos: -15.43 1 -13.02
rot: 0 0 0
sca: 0.5000002 2 1.700001
</StaticObstacles>

