31
-26.81 0.5 -26.99
0 0 0
1 2 4
-138.1994 0.5 2.097559
0 0 0
1.5 7 33.6
-101.5 0.5 -24.98
0 0 0
6 1 1
-109.9 0.5 35.68
0 0 0
3 3 1
-29.1 0.5 -29.72
0 0 0
8 2 2
-59.4 0.5 -20.98
0 0 0
1 1 1
-86.60001 0.5 4.6
0 0 0
1 2 1.2
-129.9944 0.5 18.33755
0 0 0
15 7 1.12
-121.8494 0.5 -4.644842
0 0 0
1.5 7 20.16
-88.60001 0.5 8.8
0 0 0
1 2 1.2
-35.6 0.5 -28.22
0 0 0
1 1 5
-109.8 0.5 0.8
0 0 0
1 3 1
-129.9944 0.5 -14.17604
0 0 0
15 7 1.12
-101.9 0.5 -30.98
0 0 0
6 1 1
-56.15 0.5 -25.27
0 0 0
4 2 1
-34.1 0.5 -30.22
0 0 0
2 1 1
-45.8 0.5 9.3
0 0 0
1 1 20
-121.8494 0.5 8.246359
0 0 0
1.5 7 5.6
-21.1 0.5 9.68
0 0 0
1 2 20
-104.4 0.5 -26.98
0 0 0
1 1 5
-121.8494 0.5 14.98876
0 0 0
1.5 7 7.84
-59.4 0.5 -17.98
0 0 0
1 2 5
-104.4 0.5 -29.98
0 0 0
1 1 1
-51.7 0.5 9.3
0 0 0
10 3 1
-98.4 0.5 -27.98
0 0 0
1 1 7
-58.9 0.5 -25.48
0 0 0
2 2 8
-50.2 0.5 37.76
0 0 0
10 1 2
-19.3 0.5 -8.32
0 0 0
5 1 10
-88.10001 0.5 2.2
0 0 0
2 1 12
-21.1 0.5 -1.819999
0 0 0
1 1 3
-89.6 0.5 8.8
0 0 0
1 1 6