<ListWayPoints>
amount: 41
pos: -20.42 0 -4.86
pos: -20.48 0 -9.34
pos: -21.57 0 -15.22
pos: -23.57 0 -16.96
pos: -26.15 0 -17.17
pos: -27.98 0 -16.13
pos: -29.18 0 -13.93
pos: -30.37 0 -12.98
pos: -31.86 0 -12.73
pos: -33.68 0 -13.6
pos: -34.95 0 -16.68
pos: -34.7 0 -19.46
pos: -33.51 0 -21.64
pos: -31.49 0 -22.95
pos: -29.04 0 -22.82
pos: -26.14 0 -21.78
pos: -22.32 0 -18.87
pos: -19.57 0 -16.03
pos: -18.79 0 -8.05
pos: -18.17 0 0.04000002
pos: -19.61 0 10.65
pos: -21.71 0 15.81
pos: -24.11 0 17.55
pos: -27.07 0 17.41
pos: -29.43 0 15.39
pos: -31.16 0 13.14
pos: -33.6 0 12.4
pos: -35.9 0 13
pos: -37.4 0 14.93
pos: -37.98 0 18
pos: -37 0 20.78
pos: -34.52 0 22.24
pos: -25.91 0 22.53
pos: -22.45 0 21.22
pos: -20.15 0 18.7
pos: -19.07 0 15.79
pos: -19.1 0 13.5
pos: -19.92 0 11.34
pos: -21.12 0 7.25
pos: -20.94 0 3.08
pos: -20.91 0 -0.57
</ListWayPoints>

<ListWayPoints>
amount: 30
pos: -52.74 0 -3.5
pos: -51.95 0 -5.84
pos: -49.78 0 -7.79
pos: -44.85 0 -8.61
pos: -38.99 0 -8.55
pos: -35 0 -8.1
pos: -31.35 0 -6.93
pos: -29.02 0 -4.88
pos: -27.86 0 -1.59
pos: -26.38 0 1.92
pos: -26.54 0 4.12
pos: -28.51 0 6.72
pos: -31.7 0 8.46
pos: -35.4 0 8.5
pos: -38.2 0 7.6
pos: -40.1 0 5.4
pos: -42.8 0 3.8
pos: -45.1 0 3.88
pos: -46.44 0 5.4
pos: -47.48 0 7.38
pos: -48.98 0 8.52
pos: -51.12 0 9.19
pos: -53.03 0 8.56
pos: -53.48 0 7.17
pos: -52.34 0 6.61
pos: -50.33 0 6.4
pos: -49.09 0 4.95
pos: -49.02 0 2.82
pos: -49.62 0 0.45
pos: -52.21 0 -1.85
</ListWayPoints>

<ListWayPoints>
amount: 30
pos: -49.9 0 -8.28
pos: -48.76 0 -16.12
pos: -49.32 0 -18.99
pos: -52.31 0 -21.7
pos: -56.6 0 -23.1
pos: -65.34 0 -23.43
pos: -71.71 0 -22.94
pos: -73.45 0 -21.81
pos: -73.84 0 -19.82
pos: -73.6 0 -16.11
pos: -72.55 0 -12.66
pos: -69.63 0 -11.48
pos: -65.74 0 -11.61
pos: -63.11 0 -10.99
pos: -60.6 0 -8.5
pos: -57.5 0 -3.3
pos: -56.8 0 5.4
pos: -59.14 0 10.67
pos: -64.19 0 12.62
pos: -70.11 0 11.62
pos: -72.21 0 11.85
pos: -73.28 0 13.52
pos: -73.23 0 20.25
pos: -72.25 0 23.05
pos: -70.4 0 23.87
pos: -54.8 0 23
pos: -51.6 0 21.62
pos: -49.99 0 18.73
pos: -50.27 0 11.46
pos: -49.97 0 0.57
</ListWayPoints>

