<ListWayPoints>
amount: 35
pos: -63.13 0 -3.5
pos: -62.57 0 -5.84
pos: -60.92 0 -6.96
pos: -54.66 0 -6.79
pos: -52.24 0 -6.41
pos: -50.53 0 -4.74
pos: -48.53 0 -4.08
pos: -45.72 0 -4.09
pos: -44.42 0 -3.54
pos: -43.4 0 -2.37
pos: -43.1 0 -0.63
pos: -43.08 0 1.39
pos: -43.65 0 3.1
pos: -45 0 4.18
pos: -49.68 0 4.59
pos: -50.9 0 5.13
pos: -51.82 0 6.5
pos: -53.27 0 7.64
pos: -55.61 0 8.14
pos: -57.88 0 8.09
pos: -59.91 0 7.82
pos: -61.82 0 7.1
pos: -62.32 0 4.91
pos: -60.93 0 3.05
pos: -58.77 0 2.67
pos: -57.01 0 3.25
pos: -56.05 0 4.51
pos: -54.72 0 5.16
pos: -53.27 0 4.42
pos: -52.32 0 3.01
pos: -52.73 0 1.08
pos: -54.14 0 -1.17
pos: -56.59 0 -2.45
pos: -59.11 0 -1.92
pos: -61.64 0 -2.03
</ListWayPoints>

<ListWayPoints>
amount: 41
pos: -21.16 0 -8.19
pos: -21.25 0 -11.73
pos: -22.1 0 -13.58
pos: -23.48 0 -14.63
pos: -25.19 0 -14.78
pos: -26.71 0 -14.07
pos: -28.78 0 -12.53
pos: -30.24 0 -11.85
pos: -31.88 0 -12.31
pos: -33.11 0 -13.46
pos: -33.77 0 -15.96
pos: -33.03 0 -21.09
pos: -31.79 0 -22.5
pos: -29.8 0 -22.87
pos: -26.94 0 -22.05
pos: -24.44 0 -20.61
pos: -19.9 0 -16.24
pos: -18.93 0 -14.43
pos: -18.77 0 -8.05
pos: -17.89 0 -6.27
pos: -16.66 0 -4.43
pos: -16.1 0 -2.44
pos: -16.23 0 4.54
pos: -17.12 0 6.56
pos: -21.43 0 12.96
pos: -23.54 0 14.3
pos: -27 0 15.64
pos: -30.29 0 16.35
pos: -31.83 0 17.27
pos: -32.73 0 19.12
pos: -32.19 0 20.78
pos: -29.88 0 22.24
pos: -20.17 0 22.53
pos: -18.14 0 21.22
pos: -16.79 0 18.7
pos: -17.43 0 15.79
pos: -19.1 0 13.5
pos: -19.92 0 11.34
pos: -21.12 0 7.25
pos: -20.94 0 3.08
pos: -20.91 0 -0.57
</ListWayPoints>

<ListWayPoints>
amount: 50
pos: -42.42 0 -8.82
pos: -44.38 0 -10.76
pos: -46.98 0 -12.76
pos: -49.57 0 -14.63
pos: -52.03 0 -15.3
pos: -62.5 0 -15.07
pos: -65.04 0 -15.72
pos: -67.2 0 -16.9
pos: -67.6 0 -19.5
pos: -66.9 0 -22.1
pos: -65.2 0 -22.9
pos: -62.9 0 -22.7
pos: -60.74 0 -21.49
pos: -55.42 0 -18.12
pos: -45.78 0 -13.43
pos: -43.28 0 -11.49
pos: -38.67 0 -7.76
pos: -35.27 0 -4.75
pos: -34.2 0 -3.1
pos: -33.44 0 0.05999994
pos: -33.91 0 3.23
pos: -35.68 0 6.13
pos: -38.37 0 9.35
pos: -40.34 0 11.15
pos: -43.01 0 12.79
pos: -48.6 0 15.13
pos: -52.35 0 16.45
pos: -55.26 0 17.27
pos: -58.54 0 17.71
pos: -68.82 0 17.62
pos: -70.23 0 18.98
pos: -70.3 0 21.46
pos: -68.86 0 23.26
pos: -66.81 0 23.9
pos: -64.63 0 23.58
pos: -63.07 0 21.9
pos: -62.62 0 18.68
pos: -61.44 0 13.05
pos: -60.48 0 9.97
pos: -60.48 0 6.33
pos: -60.88 0 -5.25
pos: -59.86 0 -7.87
pos: -57.66 0 -8.75
pos: -54.72 0 -8.89
pos: -51.92 0 -7.66
pos: -49.84 0 -4.73
pos: -47.34 0 -4.02
pos: -45.09 0 -3.48
pos: -43.43 0 -4.35
pos: -42.11 0 -6.44
</ListWayPoints>

