31
-58.6 0.5 16.88
0 0 0
3 3 1
-32.6 0.5 -12.12
0 0 0
1 1 0.72
-34.1 0.5 9.3
0 0 0
1 1 12
-25.1 0.5 16.72
0 0 0
10 1 2
-16 0.5 3.8
0 0 0
1 2 12
-55.65 0.5 -17.625
0 0 0
0.75 1 0.75
-63.64634 0.5 -3.827435
0 0 0
0.8 7 12.24
-40 0.5 9.3
0 0 0
10 3 1
-55.65 0.5 -15.375
0 0 0
0.75 1 3.75
-29.35 0.5 -15.2088
0 0 0
4 2 0.72
-67.99034 0.5 10.12616
0 0 0
8 7 0.68
-32.6 0.5 -9.959999
0 0 0
1 2 3.6
-53.1 0.5 0.4799995
0 0 0
1 1 4
-63.64634 0.5 8.092966
0 0 0
0.8 7 4.76
-52.1 0.5 0.4799995
0 0 0
1 2 0.8
-14.2 0.5 -7
0 0 0
5 1 6
-53.775 0.5 -18.375
0 0 0
4.5 1 0.75
-16 0.5 -3.1
0 0 0
1 1 1.8
-63.64634 0.5 3.999365
0 0 0
0.8 7 3.4
-51.6 0.5 -3.92
0 0 0
2 1 8
-72.36634 0.5 0.2661648
0 0 0
0.8 7 20.4
-16.1 0.5 -18.62
0 0 0
1 1 5
-9.600006 0.5 -20.12
0 0 0
8 2 2
-53.8 0.5 12.09
0 0 0
1 3 1
-50.1 0.5 -2.32
0 0 0
1 2 0.8
-14.60001 0.5 -20.62
0 0 0
2 1 1
-32.10001 0.5 -15.36
0 0 0
2 2 5.76
-51.15 0.5 -16.125
0 0 0
0.75 1 5.25
-67.99034 0.5 -9.614235
0 0 0
8 7 0.68
-7.310005 0.5 -17.39
0 0 0
1 2 4
-53.475 0.5 -13.875
0 0 0
4.5 1 0.75