31
-34.1 0.5 9.3
0 0 0
1 1 20
-63.5 0.5 6.5
0 0 0
1 1 5
-64 0.5 -21.5
0 0 0
1 1 7
-40.1 0.5 -19.9
0 0 0
2 2 8
-67.1 0.5 -18.5
0 0 0
6 1 1
-62.5 0.5 6.5
0 0 0
1 2 1
-85.36293 0.5 -14.95
0 0 0
10 7 1
-60.5 0.5 3
0 0 0
1 2 1
-70 0.5 -20.5
0 0 0
1 1 5
-69.92 0.5 12.09
0 0 0
1 3 1
-14.2 0.5 -7
0 0 0
5 1 8
-69 0.5 19.72
0 0 0
3 3 1
-62 0.5 1
0 0 0
2 1 10
-25.40001 0.5 -28.1
0 0 0
2 1 1
-20.40001 0.5 -27.6
0 0 0
8 2 2
-67.5 0.5 -24.5
0 0 0
6 1 1
-16 0.5 -1.8
0 0 0
1 1 2.4
-70 0.5 -23.5
0 0 0
1 1 1
-39.3 0.5 9.3
0 0 0
10 3 1
-79.93292 0.5 11.09
0 0 0
1 7 7
-90.83292 0.5 -0.4200001
0 0 0
1 7 30
-16 0.5 7.400001
0 0 0
1 2 16
-85.36293 0.5 14.08
0 0 0
10 7 1
-40.6 0.5 -15.4
0 0 0
1 1 1
-40.6 0.5 -12.4
0 0 0
1 2 5
-79.93292 0.5 5.07
0 0 0
1 7 5
-18.11 0.5 -24.87
0 0 0
1 2 4
-26.9 0.5 -26.1
0 0 0
1 1 5
-37.35 0.5 -19.69
0 0 0
4 2 1
-79.93292 0.5 -6.440001
0 0 0
1 7 18
-25.1 0.5 31.3
0 0 0
10 1 2